STV

Voters: V1-4, alternatives: 0-40

V1: 0 , 1 , 2 , 3 , 4 , 5 , 6 , 7 , 8 , 9 , 10 , 11 , 12 , 13 , 14 , 15 , 16 , 17 , 18 , 19 , 20 , 21 , 22 , 23 , 24 , 25 , 26 , 27 , 28 , 29 , 30 , 31 , 32 , 33 , 34 , 35 , 36 , 37 , 38 , 39 , 40 
V2: 1 , 0 , 6 , 5 , 3 , 2 , 33 , 4 , 18 , 16 , 23 , 30 , 21 , 13 , 40 , 14 , 11 , 15 , 28 , 17 , 8 , 37 , 34 , 25 , 29 , 12 , 38 , 10 , 27 , 26 , 22 , 9 , 31 , 36 , 24 , 32 , 20 , 39 , 7 , 35 , 19 
V3: 6 , 1 , 18 , 10 , 3 , 16 , 4 , 5 , 0 , 8 , 2 , 20 , 30 , 40 , 11 , 12 , 34 , 24 , 17 , 13 , 19 , 7 , 22 , 25 , 31 , 21 , 26 , 28 , 33 , 36 , 37 , 23 , 27 , 14 , 32 , 38 , 15 , 29 , 35 , 39 , 9 
V4: 6 , 1 , 18 , 10 , 3 , 16 , 4 , 0 , 5 , 30 , 11 , 15 , 13 , 8 , 40 , 26 , 25 , 22 , 17 , 20 , 34 , 14 , 12 , 35 , 38 , 33 , 2 , 27 , 37 , 21 , 28 , 19 , 32 , 23 , 31 , 7 , 39 , 36 , 24 , 9 , 29 
		
V3 abstaining will lead to a no-show paradox.

---------------------------------------------
		
Copeland

Voters: V1-30, alternatives: 0-10

V1: 9 , 5 , 6 , 7 , 10 , 4 , 2 , 1 , 0 , 8 , 3 
V2: 0 , 9 , 10 , 8 , 5 , 6 , 2 , 4 , 7 , 1 , 3 
V3: 10 , 9 , 0 , 2 , 5 , 7 , 4 , 6 , 3 , 8 , 1 
V4: 9 , 2 , 4 , 7 , 10 , 0 , 5 , 1 , 3 , 6 , 8 
V5: 0 , 5 , 9 , 10 , 2 , 7 , 1 , 3 , 4 , 6 , 8 
V6: 1 , 4 , 0 , 7 , 5 , 9 , 6 , 3 , 8 , 10 , 2 
V7: 2 , 9 , 0 , 4 , 7 , 5 , 1 , 10 , 3 , 6 , 8 
V8: 9 , 1 , 5 , 7 , 10 , 2 , 0 , 6 , 4 , 3 , 8 
V9: 8 , 9 , 5 , 3 , 7 , 4 , 2 , 1 , 6 , 0 , 10 
V10: 1 , 2 , 0 , 10 , 5 , 9 , 7 , 4 , 6 , 3 , 8 
V11: 10 , 0 , 5 , 3 , 9 , 2 , 1 , 4 , 7 , 6 , 8 
V12: 5 , 2 , 9 , 7 , 10 , 0 , 8 , 1 , 6 , 4 , 3 
V13: 5 , 0 , 9 , 2 , 6 , 7 , 10 , 4 , 3 , 1 , 8 
V14: 8 , 0 , 7 , 10 , 5 , 9 , 2 , 4 , 6 , 1 , 3 
V15: 9 , 2 , 8 , 0 , 5 , 10 , 1 , 7 , 6 , 4 , 3 
V16: 0 , 5 , 10 , 9 , 7 , 2 , 6 , 1 , 8 , 4 , 3 
V17: 0 , 9 , 4 , 5 , 1 , 8 , 3 , 10 , 6 , 2 , 7 
V18: 1 , 9 , 5 , 2 , 3 , 10 , 6 , 4 , 0 , 7 , 8 
V19: 2 , 9 , 10 , 0 , 5 , 7 , 1 , 8 , 6 , 4 , 3 
V20: 5 , 10 , 9 , 0 , 3 , 6 , 7 , 2 , 1 , 4 , 8 
V21: 10 , 0 , 5 , 9 , 7 , 6 , 3 , 4 , 8 , 2 , 1 
V22: 5 , 10 , 7 , 3 , 4 , 9 , 1 , 0 , 2 , 6 , 8 
V23: 0 , 5 , 10 , 7 , 2 , 8 , 9 , 3 , 6 , 1 , 4 
V24: 0 , 5 , 9 , 10 , 7 , 2 , 4 , 3 , 8 , 1 , 6 
V25: 8 , 2 , 7 , 4 , 9 , 6 , 5 , 0 , 1 , 10 , 3 
V26: 9 , 0 , 7 , 5 , 10 , 2 , 3 , 6 , 4 , 1 , 8 
V27: 1 , 6 , 7 , 5 , 9 , 10 , 8 , 0 , 4 , 2 , 3 
V28: 9 , 8 , 10 , 0 , 5 , 7 , 2 , 1 , 6 , 4 , 3 
V29: 8 , 2 , 4 , 7 , 1 , 9 , 5 , 6 , 0 , 10 , 3 
V30: 0 , 5 , 2 , 9 , 1 , 10 , 7 , 3 , 6 , 4 , 8

V2 abstaining will lead to a no-show paradox.

---------------------------------------------
			
Black's Rule

Voters: V1-4, alternatives: 0-31

V1: 7 , 28 , 1 , 2 , 0 , 3 , 5 , 23 , 4 , 10 , 16 , 6 , 21 , 22 , 15 , 14 , 31 , 24 , 29 , 20 , 27 , 25 , 18 , 8 , 12 , 17 , 11 , 19 , 30 , 13 , 26 , 9 
V2: 0 , 7 , 5 , 1 , 3 , 4 , 18 , 2 , 15 , 28 , 6 , 29 , 10 , 12 , 9 , 27 , 13 , 31 , 24 , 23 , 25 , 30 , 19 , 21 , 16 , 17 , 20 , 8 , 14 , 22 , 11 , 26 
V3: 0 , 1 , 2 , 3 , 4 , 5 , 6 , 7 , 8 , 9 , 10 , 11 , 12 , 13 , 14 , 15 , 16 , 17 , 18 , 19 , 20 , 21 , 22 , 23 , 24 , 25 , 26 , 27 , 28 , 29 , 30 , 31 
V4: 7 , 28 , 1 , 3 , 2 , 4 , 23 , 0 , 15 , 29 , 10 , 5 , 6 , 13 , 18 , 16 , 27 , 26 , 12 , 24 , 14 , 25 , 30 , 31 , 22 , 21 , 9 , 17 , 8 , 20 , 11 , 19

V2 abstaining will lead to a no-show paradox.